miRNA名称,Adrenocortical carcinoma,Bladder urothelial carcinoma,Breast invasive carcinoma,Cervical and endocervical cancers,Cholangiocarcinoma,Colon adenocarcinoma,Colorectal adenocarcinom,Lymphoid Neoplasm Diffuse Large B-cell Lymphoma,Esophageal carcinoma,FFPE Pilot Phase Ⅱ,Glioblastoma multiforme,Glioma,Head  and Neck squamous cell carcinoma,Kidney Chromophobe,Kidney renal clear cell carcinoma,Kidney renal papillary cell carcinoma,Brain Lower Grade Glioma,Liver hepatocellular carcinoma,Lung adenocarcinoma,Lung squamous cell carcinoma,Mesothelioma,Ovarian serous cystadenocarcinoma,Pancreatic adenocarcinoma,Pheochromocytoma and Paraganglioma,Prostate adenocarcinoma,Rectum adenocarcinoma,Sarcoma,Skin Cutaneous Melanoma,Stomach adenocarcinoma,Stomach and Esophageal carcinoma,Testicular Germ Cell Tumors,Thyroid carcinoma,Thymoma,Uterine Corpus Endometrial Carcinoma,Uterine Carcinosarcoma
hsa-miR-520c-3p,0.01,7.53,0.09,0.09,0.01,0.02,0.02,0.31,1.91,17.39,0.0,0.03,0.42,0.04,0.01,0.16,0.03,5.24,0.38,0.36,0.01,0.03,0.01,0.01,0.02,0.01,0.69,6.56,1.99,1.97,290.32,0.26,53.5,0.03,0.42
hsa-miR-139-5p,1596.94,48.69,76.6,24.11,139.62,18.32,19.65,40.2,48.17,99.14,3322.58,362.19,49.41,157.04,134.31,44.95,334.05,150.26,55.94,45.26,94.74,69.37,73.33,439.9,53.15,23.52,61.05,67.98,46.99,47.36,138.22,147.5,170.3,17.94,28.43
hsa-let-7f-5p,19219.56,9509.93,8712.01,9555.41,5410.18,11352.14,13372.63,16287.76,13177.89,5487.0,15473.16,7097.97,10774.08,7764.39,13923.43,8063.33,7018.36,13309.4,12993.46,7965.18,14563.21,1938.5,8438.96,14973.61,8240.01,19247.99,14816.27,13699.65,10459.88,11316.83,6137.41,25201.82,21472.52,7604.7,2103.54
hsa-miR-15b-5p,221.57,283.73,203.98,419.0,317.13,174.2,177.25,1037.51,310.03,303.71,109.5,87.72,310.65,219.07,129.19,113.71,87.51,247.61,221.69,272.22,264.42,1778.24,122.34,162.81,97.98,186.11,271.71,699.09,220.52,248.74,443.45,224.15,1201.49,315.57,397.76
hsa-miR-202-3p,322.17,0.02,0.25,0.09,0.01,0.03,0.03,0.04,0.05,0.02,0.0,0.01,0.03,0.02,0.02,0.01,0.01,0.05,0.33,0.02,0.04,119.27,0.24,17.09,0.04,0.03,2.84,0.8,0.05,0.05,29.54,0.03,0.1,0.42,0.26
hsa-miR-122-5p,0.96,0.41,21.1,2.12,9814.52,1.73,66.34,0.22,11.31,6.09,0.38,0.2,0.06,0.45,19.53,1.61,0.2,25408.62,3.64,0.78,0.15,0.05,0.42,3.61,0.48,254.22,0.05,3.68,14.93,13.79,117.76,0.14,0.19,19.71,6.17
hsa-miR-497-5p,15.9,14.21,32.39,16.27,25.29,15.44,15.82,17.72,13.48,22.93,15.35,33.86,11.32,12.81,27.43,11.12,34.03,19.49,20.79,24.11,37.32,18.7,27.39,12.73,30.7,16.9,29.21,10.96,23.35,20.24,17.04,22.24,54.91,39.04,8.69
hsa-miR-449a,0.1,1.17,10.26,3.34,0.29,0.11,0.11,1.35,0.18,34.24,0.31,0.28,1.47,0.14,0.11,0.16,0.28,0.18,8.08,6.47,0.13,5.93,0.11,0.21,1.54,0.11,1.0,0.2,0.91,0.68,3.07,0.37,1.06,127.17,11.33
hsa-miR-421,3.61,4.28,1.94,2.62,1.35,5.26,5.77,4.22,4.49,2.45,13.18,5.29,3.35,0.88,1.53,2.21,5.21,3.44,2.95,3.51,2.93,2.58,1.44,4.03,1.57,7.26,2.16,8.6,3.04,3.5,7.44,2.26,2.55,3.31,4.82
hsa-miR-145-5p,1227.68,2797.09,2027.57,1522.42,1826.19,2095.83,2290.99,830.2,3236.65,3242.09,565.9,263.4,842.84,961.09,2501.29,735.62,260.52,1218.67,1468.38,1729.1,769.25,1490.05,2345.07,1442.84,5171.01,2858.48,3147.61,1267.05,4935.54,4399.9,2031.93,1790.78,851.56,2207.74,1157.31
hsa-miR-449b-5p,0.02,0.11,0.98,0.41,0.0,0.01,0.01,0.07,0.01,1.73,0.0,0.04,0.15,0.0,0.02,0.01,0.04,0.02,1.27,0.86,0.02,0.84,0.01,0.01,0.07,0.01,0.11,0.02,0.14,0.1,0.2,0.02,0.07,16.22,1.92
hsa-miR-19b-3p,65.04,208.54,138.44,214.08,123.37,145.94,147.9,420.42,227.59,145.93,92.87,97.75,166.64,36.22,79.06,87.55,97.79,249.12,105.88,181.83,135.28,0.97,94.95,46.0,164.17,153.59,110.3,123.57,176.4,192.54,292.73,141.68,513.05,207.3,893.52
hsa-miR-20b-5p,15.88,41.42,40.58,115.24,27.13,3.65,4.0,106.39,24.78,56.14,71.54,59.02,31.1,43.05,31.37,37.45,58.9,20.78,21.6,44.75,14.71,5.61,7.87,13.64,212.6,5.03,39.15,361.8,15.41,18.37,281.34,13.19,937.83,135.18,212.3
hsa-miR-29a-3p,5947.53,6665.5,5475.33,6759.79,7572.03,8850.26,8578.2,10740.66,6196.13,4314.55,17844.4,8162.98,7780.88,12505.37,5143.69,6314.53,8070.95,8038.78,12976.77,7508.19,7106.6,8121.71,6303.06,6577.41,6023.35,7787.09,3474.82,15997.78,8502.66,7775.45,3948.59,21730.55,8871.16,5389.94,1792.44
hsa-miR-195-5p,22.86,25.28,51.11,31.26,42.79,28.98,30.76,22.89,26.38,17.64,38.95,63.66,27.15,21.26,52.54,19.24,63.89,36.48,44.49,33.54,52.79,2.9,38.65,27.85,68.33,35.92,42.83,19.24,39.19,35.15,34.05,36.02,101.83,59.38,11.16
hsa-miR-185-5p,82.94,97.47,54.36,100.4,75.06,52.1,52.04,185.68,91.9,77.93,278.54,67.69,92.16,98.16,49.47,72.95,65.69,118.34,85.08,106.06,97.07,13.39,68.43,116.27,28.37,51.84,80.1,355.31,66.31,74.38,107.46,102.02,158.56,56.83,61.29
hsa-miR-503-5p,770.96,11.81,12.92,12.99,5.08,7.07,8.5,14.3,9.64,12.6,6.82,6.75,9.87,13.14,53.86,7.92,6.75,11.34,7.75,7.11,21.98,8.1,5.87,12.08,2.02,12.66,47.09,13.33,8.05,8.55,27.78,26.78,13.08,12.43,75.79
hsa-miR-17-5p,171.04,757.38,455.02,659.56,392.19,745.92,870.54,1753.13,851.88,1116.65,242.36,267.0,645.03,173.26,263.233,293.78,267.24,873.31,363.17,777.03,362.38,138.91,231.87,120.44,291.63,1232.95,316.01,1011.25,700.85,748.47,1154.45,304.06,1942.35,770.0,2545.21
hsa-miR-204-5p,144.61,11.0,7.01,9.34,37.39,7.23,7.03,6.95,6.78,59.94,182.53,215.32,8.23,269.7,516.37,598.89,215.63,49.96,6.08,29.7,47.9,20.79,35.78,59.43,23.74,6.45,66.46,159.38,8.41,7.9,205.94,65.06,337.35,33.41,67.75
hsa-miR-4306,0.05,0.03,0.05,0.07,0.09,0.0,0.0,0.05,0.03,0.06,0.0,0.02,0.06,0.06,0.03,0.03,0.02,0.04,0.16,0.04,0.05,0.0,0.04,0.02,0.01,0.0,0.03,0.5,0.05,0.04,0.04,0.07,0.04,0.04,0.0
hsa-miR-367-3p,0.0,0.0,0.0,0.0,0.0,0.0,0.0,0.0,0.0,0.0,0.0,0.01,0.0,0.0,0.0,0.0,0.01,0.0,0.0,0.0,0.03,0.0,0.0,0.0,0.0,0.0,0.0,0.0,0.14,0.09,65.59,0.0,0.0,0.03,0.0
hsa-miR-370-3p,164.77,7.48,7.21,4.18,9.69,5.86,5.79,3.75,4.17,9.93,169.03,25.47,5.45,2.79,1.93,1.05,24.11,13.38,7.21,9.46,14.57,34.19,17.96,319.09,2.24,5.58,54.49,12.94,5.25,4.91,275.09,1.33,20.75,5.4,59.44
hsa-miR-93-5p,3965.56,10131.26,5486.83,7568.57,3783.11,4714.62,5006.09,10423.69,10297.18,13123.79,2646.25,4189.58,7086.07,1994.17,2762.56,3760.23,4204.25,62217.9,4083.06,9832.76,4651.75,6063.0,2759.94,1650.4,3474.05,5853.64,4479.3,17565.17,6268.85,7538.93,13620.21,3269.1,13784.53,7148.14,24484.41
hsa-miR-15a-5p,184.61,223.92,150.49,225.51,179.78,108.06,113.36,600.67,239.16,214.9,190.9,145.5,198.06,100.97,145.18,121.34,145.07,230.69,140.94,181.26,253.37,14.18,120.05,202.71,109.57,128.77,223.74,206.16,170.88,192.41,286.96,220.41,987.96,147.04,253.9
hsa-miR-130b-3p,6.68,40.09,11.98,29.9,11.26,22.24,23.24,42.22,25.63,18.34,12.65,14.28,23.3,3.07,5.02,4.92,14.29,30.18,20.55,29.7,10.41,15.83,13.77,12.29,6.01,26.16,39.99,48.71,22.04,23.17,74.84,10.33,54.87,38.59,83.51
hsa-miR-33a-5p,43.49,31.71,16.76,41.24,26.87,37.85,36.91,53.99,20.07,23.39,73.82,23.51,30.96,30.25,9.0,10.96,23.04,39.05,18.82,48.49,9.84,0.11,14.51,31.63,11.83,34.15,15.28,10.34,27.45,25.12,26.24,16.15,50.27,38.95,19.42
hsa-miR-19a-3p,18.01,45.14,26.84,53.14,24.1,27.08,27.99,109.88,63.18,33.98,22.43,17.44,37.98,6.49,16.0,16.77,17.39,63.65,22.15,45.78,34.62,0.06,20.67,9.88,20.13,30.65,32.83,18.13,45.4,51.0,88.96,22.6,170.85,45.35,333.49
hsa-miR-653-5p,16.71,7.86,17.48,4.04,8.57,4.1,4.01,4.99,6.01,65.96,7.57,3.26,5.55,114.36,110.42,26.42,3.22,16.07,29.42,25.44,12.77,0.21,8.5,31.88,2.11,3.75,19.87,21.31,6.13,6.09,27.43,9.99,52.73,16.18,16.98
hsa-miR-379-5p,6780.29,932.18,860.72,644.63,947.81,875.72,822.96,320.49,568.18,583.96,10929.54,1813.9,1222.52,263.99,171.77,123.48,1727.25,1355.44,674.45,844.6,1148.92,128.88,1237.05,11908.07,453.41,669.53,4669.09,798.27,601.89,591.26,9394.19,197.79,1571.3,501.54,3662.27
hsa-miR-103a-3p,18301.25,30119.0,20605.17,20503.8,15044.02,14941.22,15058.7,32442.54,27263.44,25686.75,65148.47,19052.35,24026.88,8523.98,12495.17,16424.23,18614.18,28675.74,17705.81,25301.87,24589.61,16674.36,13985.22,28730.76,14435.88,15400.32,16410.98,51850.11,19052.65,21641.4,32801.32,24314.28,31734.03,18844.72,32934.93
hsa-miR-302d-3p,0.0,0.01,0.0,0.0,0.0,0.0,0.0,0.01,0.03,0.0,0.04,0.08,0.0,0.01,0.01,0.01,0.08,0.02,0.0,0.02,0.3,0.0,0.01,0.01,0.0,0.0,0.02,0.01,0.9,0.62,686.14,0.0,0.0,0.5,0.06
hsa-miR-326,1.13,6.91,14.03,4.19,3.01,35.02,31.85,7.81,2.32,5.83,22.63,10.19,4.62,2.73,6.06,2.81,10.07,5.36,30.75,10.61,4.04,201.3,3.14,1.91,2.45,22.63,2.18,21.75,7.09,5.58,4.32,6.06,2.15,7.14,1.86
hsa-miR-196a-5p,91.21,66.97,769.42,183.24,34.74,223.26,236.75,26.49,207.29,309.07,0.11,10.42,80.89,284.0,383.0,303.19,10.51,18.17,121.81,105.56,163.16,6.29,45.98,162.25,4.35,275.97,320.53,308.29,233.25,225.06,42.27,7.13,13.29,247.1,391.48
hsa-miR-16-5p,321.08,547.97,569.1,832.57,474.5,415.73,455.51,1583.68,507.16,429.92,505.03,338.73,589.62,350.8,557.87,288.65,337.15,497.3,475.62,554.66,484.81,89.72,253.47,431.97,235.96,571.2,433.34,592.25,479.08,487.93,789.09,691.5,1970.12,699.85,494.4
hsa-miR-433-3p,72.24,2.03,1.37,0.86,1.83,1.31,1.3,0.46,0.87,1.44,200.71,21.73,0.89,0.72,0.63,0.39,20.03,3.53,1.58,1.81,2.47,15.19,6.31,378.28,0.63,1.29,12.94,3.22,1.31,1.17,29.47,0.41,4.64,1.45,31.14
hsa-miR-98-5p,89.79,82.72,61.65,56.08,47.02,58.18,62.38,77.38,61.9,59.74,212.75,70.04,56.84,34.01,63.04,52.62,68.68,59.7,67.05,62.49,60.1,10.61,49.72,155.03,31.08,74.6,68.89,97.49,55.03,57.19,50.75,79.98,120.42,67.06,52.14
hsa-miR-376c-3p,124.92,11.05,4.73,6.6,12.64,4.7,4.72,2.76,6.53,3.38,17.45,6.55,7.58,2.63,2.04,1.45,6.44,10.12,5.22,6.47,17.9,0.22,14.66,45.85,4.18,4.79,44.63,1.79,6.54,6.54,176.04,1.6,20.87,6.96,51.26
hsa-miR-149-5p,92.93,204.55,156.37,111.41,16.06,9.96,9.61,5.1,82.96,77.6,670.8,155.27,164.39,8.89,12.46,18.97,150.37,11.62,43.13,233.84,61.41,578.34,25.75,224.92,75.38,8.59,38.7,51.03,23.1,41.97,81.82,24.52,502.69,83.88,296.11
hsa-miR-486-5p,238.02,154.55,253.72,357.98,97.59,116.07,110.61,269.5,163.17,521.25,839.03,272.94,259.53,541.66,296.02,294.62,267.56,221.79,413.93,290.22,214.37,726.24,112.08,553.18,30.02,94.72,131.65,360.2,147.23,152.26,324.94,367.05,210.37,107.1,87.43
hsa-miR-455-5p,45.17,35.69,27.13,53.78,62.54,12.79,12.97,27.62,47.0,43.06,13.32,9.51,65.15,14.93,50.31,57.08,9.48,99.59,22.75,43.7,27.02,0.95,29.27,7.24,19.99,13.49,42.73,10.46,40.37,42.46,53.79,20.5,243.4,29.58,56.77
hsa-miR-30c-5p,928.36,614.98,826.92,488.1,891.18,220.02,268.79,626.08,691.0,939.45,1175.13,738.64,413.77,1168.07,2159.16,1752.67,734.49,752.55,456.02,543.5,1024.77,883.91,486.1,641.3,560.17,410.61,561.3,957.39,465.92,536.88,905.77,1413.96,1340.16,814.53,1341.99
hsa-miR-181a-5p,3199.76,1406.51,1742.41,1223.23,2886.6,869.27,909.92,5628.79,1272.28,2742.42,10948.7,5351.28,1334.41,1118.93,1470.4,1564.65,5308.16,1079.48,3315.84,2453.6,1858.45,4951.56,2394.8,1069.95,349.17,1028.13,2801.25,6841.05,1056.41,1124.47,3063.18,5476.54,24497.85,1176.96,3267.55
hsa-miR-320b,5.07,6.11,5.94,9.32,3.11,61.65,60.96,3.18,6.6,5.19,4.22,5.85,6.2,2.32,4.78,2.74,5.87,4.26,4.73,6.91,3.48,423.09,3.25,9.19,3.3,58.92,6.44,22.99,7.74,7.38,8.68,4.49,8.26,15.13,10.29
hsa-let-7a-5p,40942.4,25121.39,36804.42,30472.06,23788.3,23061.22,24543.48,31644.56,29927.73,25734.77,45233.92,31246.79,33723.24,26175.13,30730.65,21135.75,31113.83,31324.8,37339.05,27567.45,40638.99,76075.54,31268.47,29415.96,30223.05,28853.72,46600.87,58232.17,27160.28,28032.82,19267.15,53499.79,85139.81,29971.87,12959.65
hsa-let-7b-5p,10223.0,10595.06,26545.76,17171.36,15314.87,9409.16,9149.71,7902.31,10340.4,22840.18,15581.5,14493.28,17580.39,11322.27,11881.59,6898.66,14482.93,8217.62,18058.35,16631.4,12009.65,87623.92,19200.45,6029.32,8719.38,8395.25,23455.23,23409.96,10581.2,10505.28,7493.18,10607.39,45186.79,15223.86,6257.67
hsa-miR-155-5p,86.18,404.66,441.86,600.16,227.78,328.95,328.04,8927.64,441.19,342.3,25.86,34.46,731.76,48.86,526.25,196.39,34.54,272.34,456.75,536.07,465.11,325.23,233.28,28.99,99.93,325.39,546.93,1688.92,564.69,525.75,812.68,272.33,707.73,433.02,326.98
hsa-miR-27b-3p,500.66,2070.06,662.93,2742.34,2051.32,1331.1,1316.06,370.2,2035.42,1107.03,2388.36,747.77,2651.85,1423.2,1071.74,1473.09,732.17,2444.72,1849.89,2147.99,1593.44,1144.03,1800.93,1029.22,1619.09,1272.33,1140.57,1190.95,1791.76,1868.59,703.85,3000.15,892.05,1773.61,988.79
hsa-miR-18a-5p,4.82,35.94,11.31,26.12,7.99,22.44,23.56,51.54,40.27,24.08,7.66,4.68,25.24,3.39,5.35,5.23,4.65,24.19,13.05,29.38,7.63,0.55,7.77,3.84,4.69,26.83,9.3,12.35,40.15,40.19,82.88,5.17,30.32,29.2,125.84
hsa-miR-27a-3p,660.84,2069.08,1117.84,2678.05,1352.73,1460.85,1356.5,962.42,1923.32,1475.56,183.15,309.29,3324.52,562.21,727.45,1002.21,310.49,692.94,1556.17,2345.01,1241.59,544.28,1493.18,782.17,537.02,1053.07,1011.07,1470.4,1594.06,1697.87,669.46,1539.24,876.25,1497.79,837.54
hsa-miR-30e-5p,7372.43,5582.37,6347.78,6326.13,8116.19,2583.79,2691.04,12249.9,4863.55,7121.67,7301.81,4042.27,5072.48,12514.21,8174.86,8102.87,4011.28,10174.78,6064.55,6425.09,7878.61,332.91,4034.62,4123.37,4541.71,3002.88,5580.5,3625.92,4576.12,4666.74,8637.28,12540.45,18158.94,6963.02,14227.14
hsa-miR-18b-5p,0.15,1.11,0.5,1.43,0.38,2.01,1.88,1.42,0.49,0.45,0.34,0.36,0.73,0.38,0.3,0.32,0.36,0.56,0.78,1.08,0.14,0.06,0.15,0.14,1.03,1.48,0.31,1.07,0.82,0.71,3.15,0.35,3.48,2.25,1.86
hsa-miR-106b-5p,127.27,464.85,252.78,472.15,193.84,251.44,251.07,539.62,431.09,245.49,213.55,192.86,330.93,105.27,134.71,183.12,192.67,278.35,275.33,360.74,232.03,28.63,141.42,132.72,183.88,249.98,182.09,241.41,320.92,355.66,635.07,197.34,612.01,488.08,885.56
hsa-miR-373-3p,0.34,1.28,0.08,0.03,0.31,0.04,4.8,0.05,27.18,8.32,0.1,0.11,0.1,0.04,0.04,0.12,0.11,5.91,3.9,1.28,0.11,0.09,0.03,0.03,0.09,18.64,0.88,1.71,13.05,17.5,4508.36,0.37,10.19,0.16,0.39
hsa-miR-133a-3p,2.04,38.85,45.79,12.15,6.78,22.11,23.1,15.95,43.73,25.86,29.16,7.54,504.21,4.07,7.68,3.56,7.34,5.63,10.2,8.47,34.13,10.51,10.91,8.09,136.69,25.97,196.57,7.44,64.26,57.78,38.61,28.92,3.79,15.77,908.25
hsa-miR-708-5p,19.25,56.51,42.61,72.84,8.36,16.54,19.01,27.82,67.9,34.86,142.21,123.19,99.17,7.99,31.58,13.73,123.01,3.0,33.13,114.59,47.03,17.64,39.42,24.52,8.79,26.2,38.44,27.08,27.91,40.52,72.65,50.57,52.87,87.54,136.19
hsa-miR-424-5p,643.94,117.81,159.38,195.94,185.86,118.66,133.94,132.07,72.68,153.83,27.03,44.38,107.13,243.58,503.67,100.98,44.55,183.01,85.77,73.92,122.63,4.99,107.4,48.61,27.8,178.36,240.22,89.08,88.53,85.53,317.67,464.07,94.61,306.72,330.71
hsa-miR-372-3p,0.92,8.51,0.68,0.26,0.11,0.47,19.0,0.27,320.94,37.63,0.3,0.94,0.42,0.32,0.27,0.41,0.94,52.69,71.94,10.18,0.63,0.43,0.08,0.15,1.48,72.9,7.28,4.93,83.9,158.63,15833.53,2.43,82.59,1.2,1.59
hsa-miR-20a-5p,156.41,528.09,257.89,526.63,387.92,470.78,537.65,1560.51,704.92,646.2,182.37,238.22,479.91,131.35,169.57,276.83,238.75,746.58,240.7,565.55,344.44,20.85,210.09,96.24,253.87,732.09,256.2,442.61,501.18,565.42,1367.09,254.68,2029.01,391.81,1928.21
hsa-miR-506-3p,422.14,0.6,0.31,1.16,0.07,0.3,0.46,0.1,0.46,0.08,0.04,0.06,1.35,0.93,2.05,1.05,0.06,0.28,0.88,1.55,2.8,27.19,0.09,3.2,0.71,0.92,0.67,247.89,0.18,0.27,25.93,0.77,0.77,1.36,1.77
hsa-miR-335-5p,13.98,12.63,20.64,7.94,10.69,14.48,16.68,7.19,7.69,7.04,41.5,24.16,6.87,3.99,6.91,7.18,23.95,11.75,12.55,12.51,53.33,0.19,16.96,35.33,7.58,23.08,17.58,4.42,8.05,7.94,67.73,15.51,24.34,25.5,60.7
hsa-miR-519d-3p,0.08,9.99,0.18,0.13,0.18,0.03,0.03,0.4,1.89,19.97,0.18,0.11,0.37,0.12,0.03,0.4,0.11,6.59,0.58,0.38,0.05,0.4,0.08,0.05,0.03,0.02,1.09,6.64,1.43,1.57,107.28,1.52,161.11,0.08,0.79
hsa-miR-454-3p,10.56,9.98,10.06,10.29,6.65,4.7,5.62,15.5,11.3,6.0,9.97,10.49,8.91,2.77,8.68,6.35,10.49,7.46,6.54,8.68,9.83,0.26,4.87,10.5,5.16,8.3,7.68,10.04,8.11,9.11,17.02,7.52,18.53,9.93,32.85
hsa-let-7c-5p,1785.49,1099.7,3108.16,3467.01,1999.75,557.95,597.74,487.42,1489.22,2017.54,10864.08,8242.96,2291.95,1741.69,2055.35,2030.82,8218.05,2684.59,1592.16,1840.89,3108.43,17720.97,2384.12,1067.25,6838.39,713.43,9084.56,2024.5,1572.36,15546.15,4582.82,5567.06,9161.63,2510.66,4499.89
hsa-miR-142-3p,589.24,1474.63,2715.2,2494.04,2285.5,1199.72,1250.82,25264.61,1327.69,1930.65,282.97,284.19,2269.14,657.18,2364.55,1193.47,284.21,1711.24,2444.16,3239.09,1850.8,4.33,1851.22,204.88,583.19,1399.42,1253.86,1491.1,3026.61,2490.96,5376.01,1782.79,28780.64,1585.95,810.13
hsa-miR-23c,0.23,0.59,0.28,0.6,2.18,0.0,0.0,0.21,0.6,0.52,0.26,0.14,0.82,0.52,0.47,0.73,0.14,1.79,0.9,0.9,0.97,0.0,0.77,0.95,1.7,0.0,1.01,0.5,1.26,1.05,0.28,1.63,0.51,0.78,0.22
hsa-miR-181b-5p,647.85,377.81,405.09,295.1,673.5,236.93,249.13,694.87,342.95,597.9,2808.41,1003.95,331.24,191.74,320.7,304.55,986.8,227.68,754.15,513.29,393.52,667.68,556.3,228.88,67.81,284.59,669.3,1661.46,253.77,281.89,622.96,1181.85,3314.9,355.21,1259.88
hsa-miR-181d-5p,14.69,24.26,28.89,17.69,26.14,29.92,32.21,9.92,18.98,83.64,95.69,80.58,14.02,7.27,11.2,20.45,80.44,7.1,25.34,25.2,23.26,61.28,29.67,58.72,13.89,38.87,28.78,29.2,19.64,19.43,42.12,64.01,78.27,48.52,56.5
hsa-miR-193b-3p,217.14,164.98,133.93,142.69,90.74,31.54,53.27,100.33,96.01,92.13,63.97,29.12,172.42,43.82,41.85,45.28,28.78,198.19,75.8,124.67,64.37,279.41,52.15,19.93,33.6,46.12,78.12,107.89,50.13,64.59,108.34,25.7,171.17,90.73,66.59
hsa-miR-141-3p,4.54,1767.49,1042.22,1213.89,191.09,624.8,679.41,65.91,1487.27,1810.62,2.27,1.18,961.15,764.93,58.58,93.97,1.17,46.14,909.69,1335.46,12.59,26.62,841.86,6.95,979.24,838.2,18.16,7.48,1083.72,1210.95,1060.68,1213.73,1420.14,1775.73,1264.31
hsa-miR-302b-3p,0.02,0.02,0.0,0.03,0.01,0.01,0.1,0.1,0.11,0.0,0.47,0.3,0.02,0.04,0.03,0.04,0.3,0.14,0.01,0.05,2.34,0.0,0.04,0.03,0.0,0.0,0.06,0.06,3.55,2.47,5067.94,0.02,0.01,1.67,0.33
hsa-miR-30b-5p,441.94,463.12,511.44,349.99,1014.55,279.84,290.47,686.9,438.11,463.12,405.41,281.42,314.82,983.39,587.36,629.28,280.24,724.4,593.04,477.14,386.03,63.62,353.3,354.74,612.32,321.4,203.33,1028.85,432.62,434.35,284.77,763.76,701.9,547.36,497.8
hsa-miR-411-5p,77.35,9.32,6.71,5.99,9.27,8.95,9.29,2.91,6.35,3.79,77.48,13.99,12.3,2.4,2.24,1.45,13.39,12.72,5.86,6.57,10.76,0.62,11.54,103.6,5.5,10.29,46.61,3.31,7.86,7.39,109.52,2.34,20.78,5.63,27.63
hsa-miR-154-5p,66.68,5.5,5.62,3.56,6.56,2.21,2.39,1.59,3.67,4.08,37.01,7.18,3.62,1.37,2.14,0.89,6.9,6.05,3.3,4.6,8.31,3.06,11.51,122.7,3.03,2.91,24.95,2.9,4.35,4.14,47.69,1.28,15.72,3.65,30.16
hsa-miR-328-3p,248.18,26.45,59.76,18.33,31.36,15.41,16.8,46.11,13.78,66.93,625.51,191.72,16.68,53.92,70.74,66.52,187.6,35.94,61.17,44.66,35.06,548.52,31.33,356.17,18.32,20.84,52.25,193.17,19.04,17.38,54.32,157.12,177.85,55.74,72.17
hsa-miR-199b-5p,40.51,161.56,304.41,185.56,99.12,73.8,77.57,98.8,149.72,222.81,4.96,5.87,179.26,14.58,14.46,10.81,5.88,25.66,153.0,265.35,262.51,6.41,395.76,13.82,167.11,88.54,844.29,158.83,166.76,161.39,665.2,88.06,100.15,152.1,1128.37
hsa-miR-181c-5p,2382.22,1851.61,1970.67,2216.03,2324.34,1687.01,1762.81,3008.38,1813.22,1263.06,3058.67,1505.98,2186.2,1814.66,1522.39,1416.65,1491.22,2445.5,3131.96,2249.3,2069.43,744.22,2159.45,1641.73,1876.03,1983.24,4641.92,2701.18,2077.21,1993.98,2356.82,3742.57,4779.21,1995.52,1817.36
hsa-miR-26a-5p,2383.22,1851.61,1970.67,2216.03,2324.34,1687.01,1762.81,3008.38,1813.22,1263.06,3058.67,1505.98,2186.2,1814.66,1522.39,1416.65,1491.22,2445.5,3131.96,2249.3,2069.43,744.22,2159.45,1641.73,1876.03,1983.24,4641.92,2701.18,2077.21,1993.98,2356.82,3742.57,4779.21,1995.52,1817.36
hsa-miR-34c-5p,5.55,9.64,9.99,19.35,4.14,1.87,1.86,4.79,18.84,66.36,10.31,28.14,30.08,2.14,3.9,3.94,28.31,2.74,73.46,77.54,6.83,8.86,6.56,5.71,6.31,1.83,15.71,19.06,2.77,7.84,26.45,4.12,110.69,113.61,26.79
hsa-miR-224-5p,81.53,147.52,58.0,188.0,69.31,67.22,74.15,9.39,138.37,191.83,0.41,1.22,159.32,4.71,28.66,9.38,1.22,175.19,55.72,182.44,77.88,61.69,36.67,10.18,7.67,94.32,117.52,16.53,32.8,66.09,32.63,17.9,36.28,25.65,85.27
hsa-miR-30a-5p,12323.49,9891.23,48386.64,9660.47,41600.49,3204.38,3170.57,6661.42,12973.33,49657.32,20706.4,21394.95,8514.5,116090.59,124505.42,157614.76,21401.5,19109.22,17123.76,21883.1,31569.79,3977.64,18043.51,10253.44,25883.17,3072.25,13047.66,11499.05,11205.92,11763.16,8320.67,72297.92,10938.49,27605.51,23636.38
hsa-miR-539-5p,337.58,5.74,10.73,2.91,9.68,4.36,5.25,4.64,4.16,7.91,110.21,24.17,4.74,2.71,5.04,1.17,23.36,16.57,6.07,6.32,14.62,4.9,28.94,458.07,2.93,7.84,59.8,6.53,6.49,5.75,141.75,1.59,25.22,4.79,78.52
hsa-miR-186-5p,232.16,258.52,316.04,253.13,203.46,201.85,291.41,445.88,247.33,274.1,287.85,139.02,217.79,110.66,256.13,165.97,137.61,325.54,266.63,285.02,280.51,133.19,183.77,169.9,185.64,270.49,316.47,703.76,259.94,255.96,353.06,299.36,549.27,373.65,508.98
hsa-miR-22-3p,177825.31,86935.77,75484.65,62819.98,126417.93,43033.42,42570.29,80024.1,63108.01,81866.41,84088.13,33741.44,100247.22,136190.23,66063.3,72302.09,33262.86,149712.81,75740.61,101083.57,138160.49,8153.27,101489.87,97145.58,50792.66,41223.54,102053.53,87435.82,64780.07,64252.89,84983.9,101195.68,75458.66,44592.55,36111.93
hsa-miR-200b-3p,4.45,1621.46,668.02,1243.73,700.5,2127.46,2179.85,29.74,1848.0,1742.93,5.05,2.24,765.99,596.47,238.66,665.27,2.21,149.13,733.05,813.27,64.35,963.61,1127.64,6.97,712.02,2332.18,33.02,22.6,1995.97,1949.32,86.54,960.76,1799.67,1887.48,938.57
hsa-miR-34a-5p,489.53,227.28,148.33,175.65,240.09,108.89,108.1,207.01,148.78,195.8,109.79,86.04,125.41,82.26,225.85,330.77,85.82,356.71,226.08,185.25,233.43,44.93,146.12,136.78,83.37,105.82,154.9,304.06,179.79,170.01,229.61,454.43,269.56,194.68,70.25
hsa-miR-29b-3p,1467.09,801.87,610.93,540.77,951.27,533.65,609.61,2374.65,724.7,720.55,2370.83,685.3,580.09,956.57,577.96,549.3,669.28,676.95,913.43,724.3,1162.46,8.26,757.6,1978.26,453.08,830.49,414.24,571.07,906.19,848.96,834.85,1739.61,2247.41,429.05,338.45
hsa-miR-216a-5p,1.92,1.36,0.64,0.26,6.34,1.14,1.19,0.3,3.06,0.41,1.61,3.04,0.37,0.86,1.51,1.06,3.05,47.52,1.21,0.55,1.58,0.06,71.2,1.45,0.56,1.31,9.14,0.5,1.4,1.92,4.95,1.16,0.63,0.65,0.75
hsa-miR-361-5p,363.8,305.64,209.47,262.17,226.03,323.52,334.06,224.85,252.07,240.75,632.39,236.32,239.28,230.44,172.72,231.8,232.55,338.86,227.46,270.2,233.58,551.86,201.34,588.68,192.34,364.73,341.74,636.4,238.77,242.97,498.83,311.57,577.3,285.4,349.43
hsa-miR-330-5p,44.13,41.19,36.03,41.4,15.31,43.14,40.21,68.94,21.96,31.8,199.77,47.68,38.72,8.15,15.3,8.83,46.24,16.45,41.05,38.31,12.26,59.21,23.5,42.67,6.94,31.69,9.94,79.39,32.72,29.33,20.31,20.63,21.06,34.53,20.49
hsa-miR-520d-3p,0.04,6.96,0.11,0.08,0.07,0.02,0.02,0.18,1.12,20.86,0.16,0.02,0.32,0.06,0.02,0.16,0.02,3.78,0.97,0.37,0.02,0.33,0.04,0.02,0.01,0.02,0.7,6.99,1.85,1.62,93.83,0.64,67.53,0.04,0.32
hsa-miR-23a-3p,2615.1,3140.4,3218.56,3788.38,3974.7,2809.64,2739.0,2991.89,2758.85,4505.42,489.52,736.25,4861.52,2049.45,2223.14,2612.16,738.59,1546.4,3140.48,4530.89,3654.1,2807.89,3415.7,3880.09,1350.21,2533.58,4035.22,7292.67,2706.8,2723.21,1691.04,3524.63,3663.54,3173.48,2088.34
hsa-miR-133b,0.24,6.32,9.3,1.48,0.6,8.61,8.39,4.57,3.86,1.61,2.38,0.67,102.81,0.68,0.77,0.4,0.65,0.45,1.47,1.42,2.69,2.64,1.06,0.63,23.44,7.73,16.93,1.91,9.58,7.78,5.42,4.02,0.61,2.46,357.69
hsa-miR-152-3p,109.72,223.91,260.48,283.91,209.85,234.48,243.81,147.59,196.92,184.33,129.37,126.74,428.47,195.02,214.63,219.51,126.72,367.98,2337.93,387.59,264.43,41.66,263.05,296.28,238.01,270.91,355.77,481.96,188.17,190.93,376.08,432.18,318.3,142.27,213.7
hsa-let-7d-5p,251.04,246.79,221.45,261.99,136.15,176.34,189.57,263.19,234.47,177.35,399.32,164.44,208.24,173.1,248.88,166.4,162.21,198.96,230.26,239.48,193.31,534.39,152.14,271.02,141.92,228.06,245.74,516.01,250.61,245.52,159.45,431.34,402.37,319.41,167.75
hsa-miR-23b-3p,495.03,1224.73,755.76,1402.01,1626.26,901.98,936.46,333.59,1124.66,1202.54,1581.58,454.74,1540.72,1273.98,1252.44,1119.21,444.03,1632.65,1360.54,1593.39,1351.4,2053.03,1371.79,1290.14,1499.71,1036.72,1063.63,1307.1,1258.23,1216.11,557.93,2433.21,781.6,1248.38,760.28
hsa-miR-374a-5p,29.73,40.61,32.49,38.78,26.61,34.69,35.72,41.66,42.6,17.75,37.73,27.26,38.0,20.35,24.43,29.5,27.16,47.19,33.64,37.36,32.33,0.29,27.83,15.43,44.31,38.71,37.61,12.56,42.83,42.76,73.5,45.42,72.99,31.55,40.7
hsa-let-7i-5p,377.26,387.48,454.85,466.63,325.29,516.39,553.97,851.16,461.86,467.93,360.01,290.23,550.16,255.52,412.55,332.13,289.56,231.22,500.63,541.23,521.62,357.34,537.54,282.19,191.09,663.23,565.38,1176.44,453.82,456.35,670.99,2123.01,758.75,320.46,278.62
hsa-miR-218-5p,170.38,46.39,44.77,40.73,62.57,20.24,20.75,33.3,29.85,78.57,790.65,83.9,38.81,200.39,28.14,46.63,77.18,32.96,59.63,86.52,159.72,7.68,72.87,497.26,54.66,22.22,136.75,43.42,33.54,32.38,161.45,147.26,319.51,125.76,337.33
hsa-miR-214-3p,1.39,9.03,7.67,8.08,6.09,11.46,11.61,2.63,8.19,6.2,0.17,0.24,7.38,2.1,2.89,1.67,0.24,3.86,6.71,6.95,6.12,35.03,12.54,1.57,4.14,12.07,25.34,10.66,8.58,8.46,22.62,3.68,1.49,8.93,61.99
hsa-miR-363-3p,4.68,19.53,18.27,56.32,13.29,6.35,6.55,38.73,11.27,11.84,59.42,28.74,15.39,19.18,15.74,16.83,29.46,9.42,11.04,15.75,6.5,44.23,4.17,7.26,116.66,7.12,12.76,155.72,8.25,9.2,41.85,6.67,201.28,55.11,45.92
hsa-miR-135b-5p,1.41,27.94,22.56,63.25,32.42,55.16,71.74,7.42,63.85,36.38,1.29,2.16,48.68,3.16,11.57,28.19,2.16,3.44,61.26,37.21,20.38,6.04,60.61,1.22,1.13,119.94,6.37,15.04,59.02,60.54,85.32,238.85,18.16,153.75,159.42
hsa-miR-320c,0.97,1.04,1.05,1.43,0.95,1.01,1.03,0.58,1.12,1.23,0.34,0.92,0.89,0.29,0.97,0.6,0.93,0.97,0.93,1.01,0.9,6.78,0.74,2.03,0.56,1.09,1.45,4.55,1.11,1.11,1.68,0.81,2.02,1.69,1.9
hsa-miR-382-5p,295.89,20.52,24.26,12.77,24.7,14.57,14.71,8.78,14.76,20.03,179.02,34.07,19.08,5.02,5.76,2.73,32.7,30.68,14.43,20.86,36.71,23.32,50.15,566.4,6.92,15.11,141.71,25.24,17.8,16.84,389.3,4.42,66.05,10.84,113.7
hsa-miR-1297,0.0,0.0,0.0,0.0,0.0,0.0,0.0,0.0,0.0,0.0,0.0,0.0,0.0,0.0,0.0,0.0,0.0,0.0,0.0,0.0,0.0,0.0,0.0,0.0,0.0,0.0,0.0,0.0,0.0,0.0,0.0,0.0,0.0,0.0,0.0
hsa-miR-876-5p,0.2,0.16,0.03,0.09,0.01,0.01,0.01,0.02,0.12,0.03,4.83,0.43,0.09,0.04,0.03,0.05,0.39,0.02,0.07,0.14,0.13,0.0,0.08,0.59,0.04,0.01,0.22,0.34,0.03,0.06,0.6,0.2,0.15,0.2,0.69
hsa-miR-324-5p,56.1,42.04,26.55,23.63,19.62,12.31,12.98,53.45,24.54,44.48,46.27,23.87,23.93,11.75,20.74,21.0,23.65,24.08,26.74,37.57,28.34,52.19,20.33,46.87,12.09,14.93,23.57,76.16,26.21,25.68,39.5,36.38,39.89,42.89,71.41
hsa-miR-128-3p,153.09,159.62,132.94,185.65,141.65,139.05,128.35,344.86,115.78,195.6,11755.02,1899.41,202.86,106.67,80.89,145.48,1805.72,222.29,143.51,247.79,107.66,212.76,118.3,439.72,93.17,97.26,146.96,506.24,122.33,120.26,401.51,153.21,3453.41,260.86,532.0
hsa-miR-25-3p,6749.46,11550.75,10116.3,12958.77,6285.73,9103.3,8763.53,12678.52,11647.21,9634.47,3764.02,4397.52,10806.07,3167.81,4613.9,4871.46,4403.54,10108.27,7946.73,12627.66,5419.81,18840.3,4430.83,2388.28,6149.56,7775.54,6541.83,25831.23,8994.14,9830.62,19079.38,6603.32,14083.07,12115.13,19129.89
hsa-miR-193a-3p,2.87,10.74,19.34,14.31,11.57,5.15,4.89,6.36,9.36,9.08,1.64,1.44,11.35,4.13,9.01,6.27,1.44,17.54,6.91,10.67,22.97,1.83,6.72,1.73,7.65,4.16,9.26,7.78,8.87,9.03,13.62,8.97,6.96,12.75,9.44
hsa-miR-520a-3p,0.16,35.83,0.41,0.37,0.28,0.07,0.06,0.72,8.56,129.72,0.28,0.38,1.12,0.28,0.02,0.62,0.38,42.0,3.64,1.63,0.08,0.89,0.11,0.14,0.15,0.04,2.37,26.08,7.57,7.88,710.06,6.95,649.72,0.17,0.98
hsa-miR-135a-5p,7.98,3.98,4.21,1.08,3.22,0.25,0.29,1.82,1.96,1.96,21.97,37.97,0.65,6.98,16.28,9.23,38.12,5.72,1.44,0.97,1.02,1.33,11.08,16.61,31.72,0.41,3.6,0.33,2.75,2.5,18.82,719.3,8.35,15.9,16.65
hsa-miR-376a-3p,46.86,2.34,0.74,1.13,2.08,0.57,0.58,0.4,1.23,0.37,6.49,1.31,1.28,0.78,0.34,0.19,1.26,3.78,1.09,1.82,3.74,0.06,2.59,17.79,0.37,0.6,14.16,0.55,0.92,1.01,80.09,0.19,1.13,1.06,29.16
hsa-miR-106a-5p,4.92,20.73,19.27,46.53,10.78,12.74,12.31,61.78,17.32,16.93,29.78,20.45,18.1,13.59,15.42,15.16,20.36,12.67,13.19,22.72,9.97,5.67,4.12,4.69,100.22,11.04,12.79,81.4,14.49,15.38,77.26,7.83,222.5,49.04,105.63
hsa-miR-448,0.0,0.1,0.0,0.01,0.0,0.01,0.01,0.01,0.05,0.0,1.93,0.43,0.05,0.0,0.0,0.01,0.42,0.01,0.08,0.16,0.01,0.0,0.0,0.05,0.01,0.01,0.01,0.0,0.02,0.03,0.57,0.0,0.0,0.01,0.01
hsa-miR-362-3p,2.94,3.1,1.65,3.57,2.41,1.86,1.78,5.53,3.7,2.11,1.28,1.51,2.68,5.86,2.19,3.46,1.52,3.99,2.51,2.71,4.41,0.02,2.54,2.61,2.48,1.54,4.09,4.99,4.19,4.04,3.27,2.39,5.02,5.17,14.31
hsa-miR-138-5p,2.46,6.16,1.25,3.62,1.44,0.54,0.53,22.86,1.59,1.27,273.78,35.4,3.17,2.47,3.06,7.11,33.14,0.49,4.85,5.16,4.12,0.08,2.39,35.75,0.3,0.51,7.53,23.25,1.05,1.22,1.53,61.09,1.45,2.15,12.28
hsa-miR-24-3p,618.08,2554.44,1402.64,2818.21,1424.61,2882.43,2978.1,1035.85,2318.02,1594.71,1995.48,632.23,4080.52,846.11,1063.43,1227.45,619.27,1432.58,2018.8,2547.11,1702.33,1926.84,1561.69,2117.86,1151.97,3256.3,1167.08,2803.29,1781.42,1950.6,887.61,2192.26,1070.07,2193.24,1294.0
hsa-miR-140-5p,90.59,38.98,43.41,32.8,55.19,37.91,42.23,122.49,33.6,52.35,85.68,52.19,35.71,46.38,85.52,50.0,51.87,63.05,31.91,35.56,82.13,1.37,38.03,79.18,30.16,54.79,69.57,87.59,42.51,39.7,99.2,46.16,98.52,46.47,93.39
hsa-miR-153-3p,14.2,1.09,6.48,1.34,1.61,3.42,3.74,2.48,2.4,1.0,136.79,51.62,1.28,0.37,1.34,0.48,50.81,1.36,1.72,1.24,1.28,0.0,11.37,50.0,5.64,4.67,4.87,0.27,4.96,4.15,2.27,1.72,1.83,2.59,2.0
hsa-miR-422a,0.0,0.02,0.0,0.01,0.0,0.01,0.01,0.03,0.03,0.0,0.0,0.0,0.02,0.0,0.0,0.0,0.0,0.02,0.01,0.0,0.02,0.05,0.0,0.0,0.03,0.01,0.05,0.02,0.03,0.03,0.01,0.01,0.01,0.0,0.0
hsa-miR-92b-3p,66.52,92.01,141.56,168.35,51.65,86.08,82.67,44.13,105.56,307.6,807.58,1424.65,105.9,50.66,53.25,56.17,1430.52,19.49,219.93,146.94,100.96,3508.19,84.85,41.68,42.89,72.75,140.45,218.75,110.77,109.13,307.34,120.7,110.36,433.03,275.75
hsa-miR-338-3p,566.94,455.36,390.02,501.97,841.76,337.97,369.98,560.31,1090.09,596.65,35088.48,5842.14,422.95,158.08,354.66,153.26,5564.13,630.25,807.41,839.66,323.9,19.95,1238.48,2454.62,366.09,463.06,666.5,2093.22,1365.91,1278.95,830.16,620.3,390.94,314.7,1001.74
hsa-miR-429,0.63,393.05,110.07,205.26,112.88,336.46,335.07,6.72,268.67,234.84,0.95,0.34,110.25,72.42,40.2,97.11,0.34,26.38,126.17,148.92,9.59,6.76,207.23,1.42,97.55,331.03,4.62,1.08,379.74,345.04,21.09,124.14,240.27,467.64,214.51
hsa-miR-136-5p,956.1,23.52,33.59,20.93,55.55,11.09,12.22,16.81,18.38,22.38,243.3,44.05,24.02,11.48,12.27,6.2,42.16,46.26,21.7,27.99,80.62,0.43,79.07,1080.65,21.87,15.49,202.2,9.49,22.48,21.19,390.04,9.23,210.04,27.02,253.64
hsa-miR-148a-3p,45693.17,19305.18,50942.86,26649.01,50237.97,46115.02,50797.69,49376.93,31828.28,32590.92,1519.32,2050.68,27850.07,19922.01,23881.84,13349.47,2055.73,110397.67,44815.39,47972.29,36699.47,3164.5,39891.68,11764.74,59966.64,64414.42,20430.31,38661.96,44806.76,40714.82,51080.98,44958.95,74013.16,47460.32,37918.34
hsa-miR-615-3p,3.0,2.14,11.73,4.4,1.13,1.72,1.52,0.98,3.23,4.64,0.0,0.43,2.5,5.91,10.45,8.5,0.43,0.57,2.46,4.59,3.35,29.27,1.43,13.84,1.36,0.94,5.45,16.87,4.34,3.99,2.1,0.42,1.24,7.31,9.5
hsa-miR-26b-5p,477.88,739.63,723.72,715.12,700.86,512.52,580.41,711.38,694.84,329.13,705.34,409.37,633.4,292.52,809.29,519.48,406.56,1262.85,658.84,660.73,738.44,102.18,563.18,493.56,734.76,777.82,429.33,544.86,746.82,730.43,590.85,1399.66,1248.41,990.94,846.44
hsa-miR-542-3p,1884.23,300.44,283.15,298.98,282.9,160.33,155.74,151.71,184.34,250.39,159.6,207.74,229.91,315.97,400.51,272.16,208.2,280.2,264.1,211.1,359.23,2.7,259.13,182.01,115.62,142.38,762.86,434.21,171.25,175.38,942.06,1248.64,247.79,269.03,1149.88
hsa-miR-340-5p,20.39,13.9,18.52,18.22,14.17,16.35,16.76,21.74,19.19,9.84,186.53,41.72,17.62,7.23,16.19,16.13,40.34,38.51,22.55,13.07,19.97,0.52,11.96,24.92,17.53,17.94,20.29,48.74,15.22,16.48,31.04,14.74,21.6,17.92,28.59
hsa-miR-28-5p,46.32,119.73,95.01,108.02,120.85,76.32,81.06,151.84,118.54,94.52,47.71,37.11,82.93,60.34,79.82,94.25,37.01,163.68,108.01,122.12,73.57,24.86,88.3,52.29,138.99,94.87,137.72,164.32,140.67,133.69,107.16,60.34,191.92,127.11,94.17
hsa-miR-329-3p,19.77,1.32,0.83,0.84,1.16,0.68,0.66,0.4,0.98,0.72,84.22,9.36,0.88,0.26,0.27,0.16,8.65,1.73,0.74,1.2,2.37,2.46,2.26,60.91,0.65,0.6,9.74,1.4,0.86,0.9,20.95,0.21,1.93,1.04,14.13
hsa-miR-107,39.76,86.69,65.0,82.18,69.9,2049.82,2008.71,130.4,72.14,79.37,239.05,65.23,76.75,62.19,50.5,67.15,63.58,146.13,95.39,84.98,60.95,2252.81,53.68,96.05,32.47,1889.15,50.2,156.4,79.96,77.5,105.55,97.68,175.15,96.15,70.59
hsa-miR-125a-3p,3.79,9.47,4.92,7.08,3.82,3.15,2.89,1.96,3.89,5.97,5.26,2.39,6.45,3.97,2.76,2.23,2.37,2.02,6.46,5.03,4.87,40.4,4.66,5.62,1.85,2.15,4.67,12.77,4.1,4.03,14.57,7.7,4.07,8.45,7.69
hsa-miR-9-5p,18348.03,1960.31,3579.5,9599.07,302.6,323.16,294.24,7902.57,2284.76,3067.61,361948.33,639701.75,5008.62,1605.68,2435.28,2129.18,642341.99,1216.94,3185.2,6359.26,602.38,127.94,512.14,14803.64,1076.31,210.17,3129.32,13217.91,921.06,1351.02,9169.85,119.86,1809.16,24696.29,29985.76
hsa-miR-365a-3p,179.73,78.79,124.33,60.88,56.27,24.39,24.83,46.48,50.49,48.0,77.08,23.25,70.88,22.54,50.11,35.68,22.74,154.15,40.65,52.82,79.7,126.83,36.05,22.11,39.2,26.11,52.4,75.54,33.12,38.6,56.8,28.5,97.48,69.27,91.28
hsa-miR-32-5p,45.8,43.05,27.03,43.28,33.97,23.19,22.58,60.35,31.56,15.48,23.56,15.62,33.71,16.35,19.01,22.46,15.54,77.04,34.07,31.05,21.4,0.17,20.78,14.74,34.29,20.8,14.94,12.16,37.91,35.91,29.13,72.71,62.03,39.24,23.45
hsa-miR-215-5p,14.3,34.92,6.62,35.68,155.87,921.88,891.45,9.19,1418.82,108.85,2.78,1.58,3.21,13.31,54.11,26.51,1.57,186.07,36.15,3.47,3.72,0.23,196.14,16.89,1.02,802.96,7.03,5.9,1475.82,1457.85,235.53,3.54,6.46,13.18,68.53
hsa-miR-211-5p,0.15,0.3,0.22,0.17,0.38,0.02,0.03,1.07,0.12,0.24,9.8,2.13,0.55,1.83,0.84,3.57,2.06,1.16,0.36,0.35,0.26,2.89,0.09,0.03,0.09,0.04,14.33,3049.82,0.15,0.14,2.9,0.16,0.32,4.78,0.71
hsa-miR-221-3p,61.07,328.96,132.85,512.5,151.58,232.2,227.67,336.98,361.4,272.51,411.71,72.97,429.99,1270.46,99.22,144.15,69.75,131.38,319.19,368.66,274.67,438.48,333.33,23.98,209.78,214.2,475.04,635.04,367.83,365.8,213.07,1715.95,595.25,173.16,168.2
hsa-miR-206,3.16,1.26,38.23,0.81,1.04,0.71,0.99,50.26,2.37,1.14,1.5,1.48,2358.83,4.62,5.59,1.74,1.48,0.84,1.3,1.81,79.32,20.86,0.29,0.3,100.47,1.8,488.37,302.29,1.32,1.65,245.71,7.18,26.13,7.56,16413.02
hsa-miR-425-5p,185.46,458.82,396.67,282.83,91.9,286.55,340.82,437.91,355.02,297.27,407.18,108.78,267.44,51.14,92.45,87.2,105.94,197.75,174.38,234.97,139.9,335.19,120.74,93.17,103.03,498.61,111.52,354.69,285.86,307.66,265.4,111.43,214.1,403.3,552.1
hsa-miR-182-5p,25098.87,24925.87,42895.23,20545.56,10713.26,15740.52,16287.24,8176.97,19603.2,25946.04,1345.56,7452.84,19586.77,20933.06,4263.07,11783.89,7510.9,9386.4,22479.88,27439.99,13291.6,5750.41,9389.98,3522.65,18397.2,17877.04,2291.64,2988.96,11896.53,14326.34,86411.92,13291.8,42084.24,37966.9,49446.73
hsa-miR-374b-5p,93.84,77.88,56.16,61.93,76.45,70.06,70.56,87.32,62.55,54.44,119.16,120.41,54.3,54.06,48.42,63.87,120.42,92.13,58.64,66.22,79.29,6.91,66.72,47.9,81.32,71.99,75.47,38.64,81.02,75.2,173.25,96.33,131.68,70.27,100.23
hsa-miR-496,48.02,3.13,2.02,1.31,2.59,1.49,1.44,1.02,1.58,1.58,41.6,5.77,2.3,0.63,0.51,0.35,5.43,4.74,2.04,2.3,4.2,1.54,6.07,117.79,0.8,1.29,16.62,2.43,1.72,1.68,51.53,0.44,3.25,1.38,25.44
hsa-miR-134-5p,3375.72,289.63,421.02,212.68,259.74,311.64,304.57,102.25,201.0,244.65,1647.95,410.0,340.95,90.54,136.04,43.76,398.23,451.23,253.83,340.59,373.87,473.4,459.73,2876.07,115.53,284.03,1501.71,459.04,237.47,225.97,3177.21,66.04,489.39,222.48,1410.81
hsa-miR-490-3p,2.64,11.35,0.17,0.33,1.98,3.61,3.88,0.37,2.8,4.01,81.02,11.35,0.11,0.14,0.03,0.03,10.69,1.74,0.64,0.9,0.3,1.1,2.38,1.89,1.71,4.69,11.42,0.18,14.97,11.13,15.17,0.04,0.55,5.03,7.99
hsa-miR-196b-5p,181.09,553.73,384.79,768.5,91.65,2340.05,2775.8,239.67,374.73,1823.84,3.45,67.75,179.99,530.74,1399.89,914.12,68.36,83.57,124.77,467.86,174.69,65.22,115.48,183.68,656.07,4042.93,1065.28,568.08,578.22,514.06,558.51,22.1,1985.68,3739.24,2837.6
hsa-miR-130a-3p,56.77,100.25,83.77,136.16,92.75,23.77,26.25,47.07,77.64,95.62,67.95,67.06,81.95,43.17,92.2,72.46,67.05,61.13,76.73,107.59,230.13,61.06,77.36,31.85,65.35,33.46,116.74,97.19,67.14,70.45,420.77,173.83,303.97,217.8,638.68
hsa-miR-504-5p,0.67,0.65,1.67,0.36,1.12,0.45,0.44,1.05,0.57,1.45,13.83,4.15,0.53,1.41,1.23,1.1,4.06,1.16,2.38,0.98,0.65,10.31,0.72,2.49,2.7,0.42,1.61,2.72,0.69,0.65,4.37,0.82,7.22,1.39,2.97
hsa-miR-301a-3p,17.05,17.15,11.25,11.7,5.76,4.26,4.63,17.23,11.5,11.74,18.5,18.37,9.75,2.75,7.67,6.99,18.37,7.48,9.93,15.25,12.55,0.07,5.85,28.34,4.05,5.71,12.86,5.87,8.45,9.41,26.44,10.54,18.7,17.66,86.05
hsa-miR-873-5p,0.57,0.52,0.12,0.37,0.03,0.04,0.04,0.11,0.33,0.15,18.48,1.91,0.39,0.28,0.15,0.13,1.75,0.08,0.42,0.71,0.24,0.06,0.3,2.43,0.2,0.04,0.75,4.13,0.19,0.23,2.36,1.23,0.83,0.94,0.86
hsa-miR-485-5p,7.6,0.32,0.33,0.22,0.18,0.38,0.38,0.14,0.39,0.16,16.76,1.86,0.31,0.08,0.12,0.05,1.72,0.56,0.55,0.28,0.7,3.43,0.81,32.62,0.23,0.37,2.28,0.37,0.39,0.39,3.37,0.1,1.04,0.28,1.29
hsa-miR-199a-5p,334.1,777.45,1531.44,816.56,1439.5,404.75,430.46,609.14,595.94,1366.11,30.69,27.67,703.67,312.81,383.22,225.43,27.64,675.7,783.78,1170.12,1355.33,304.84,2226.13,286.88,564.16,505.24,4997.46,997.51,642.84,628.05,4058.41,541.29,507.03,848.49,8574.87
hsa-miR-346,0.87,0.9,0.19,0.13,0.82,0.06,0.07,0.38,0.13,0.2,29.04,7.43,0.14,0.04,0.22,0.17,7.22,0.39,0.17,0.14,0.21,0.88,0.27,8.96,0.09,0.1,0.46,0.51,0.12,0.12,0.17,2.45,0.14,0.13,0.69
hsa-miR-144-3p,9.17,10.34,5.07,25.17,11.83,6.98,6.61,20.09,7.82,12.82,29.67,14.31,16.05,31.83,18.21,21.76,14.17,20.06,15.55,17.38,7.76,0.07,4.26,15.75,1.45,5.54,5.0,2.39,8.35,8.18,21.4,23.31,11.98,9.29,3.14
hsa-miR-378c,7.08,9.87,5.97,9.49,8.67,0.0,0.0,17.34,10.63,8.5,4.19,1.18,13.3,5.98,11.06,7.42,1.15,21.81,5.65,6.06,15.81,0.0,5.01,4.29,6.66,0.0,8.19,18.31,13.07,12.3,11.27,3.87,15.79,7.24,3.42
hsa-miR-143-3p,24928.5,155785.58,53523.0,76948.09,38664.0,261080.97,255223.2,28383.58,145784.14,52980.92,25424.91,10255.5,84246.94,42897.77,78510.57,27687.89,10101.8,51342.73,111565.28,67779.8,26423.23,7312.44,73081.86,68882.05,363794.43,238189.45,202772.67,41167.39,224833.51,199910.3,56368.93,85105.63,18731.68,77762.21,14920.02
hsa-miR-376b-3p,38.41,2.91,0.87,1.55,2.31,0.94,0.99,0.67,1.86,0.8,3.94,1.29,1.49,0.51,0.41,0.34,1.27,3.28,1.02,1.86,4.44,0.02,3.14,6.33,0.64,1.13,9.91,0.41,1.66,1.72,46.94,0.3,1.92,1.28,21.25
hsa-miR-125b-5p,925.44,445.5,1047.0,816.96,768.27,256.32,263.14,441.41,381.26,826.83,4773.09,3524.64,505.62,1327.57,616.62,546.11,3512.77,646.59,592.7,691.03,1505.42,3425.03,1181.09,1340.35,1396.6,282.97,1749.64,1855.92,521.86,477.53,1419.3,4204.27,7412.15,1282.74,2086.39
hsa-miR-10a-5p,20525.94,26910.87,36101.23,29348.64,30240.04,74681.96,74405.21,4967.04,23083.36,53630.94,102.09,1322.86,4718.83,117015.27,39034.43,53633.36,1334.47,15993.78,28109.06,26022.18,43247.74,15450.55,44175.59,16277.18,4370.54,73600.45,21607.92,23064.0,31900.2,29120.37,8471.23,5324.96,4290.04,105476.91,74758.25
hsa-miR-299-3p,8.67,0.69,0.54,0.69,0.83,0.42,0.43,0.32,0.73,0.5,7.28,0.86,0.81,0.25,0.14,0.11,0.8,1.15,0.44,0.85,1.29,0.04,1.17,4.37,0.46,7.94,0.38,0.58,0.58,0.63,24.43,0.16,3.44,0.5,11.31
hsa-miR-302c-3p,0.0,0.0,0.0,0.0,0.0,0.0,0.0,0.0,0.01,0.0,0.0,0.03,0.0,0.0,0.0,0.0,0.03,0.01,0.0,0.0,0.11,0.0,0.01,0.01,0.0,0.0,0.0,0.01,0.44,0.3,229.22,0.0,0.0,0.12,0.02
hsa-miR-29c-3p,1831.08,2554.51,2092.11,1840.17,1941.3,1063.93,982.52,3175.72,1800.77,897.77,4478.83,1477.59,2360.99,2357.51,1580.35,1664.28,1449.06,2239.71,3483.76,2755.45,1289.69,58.33,1924.64,3457.77,3331.3,745.77,450.73,891.69,2852.84,2521.14,1354.8,5974.51,5949.37,1190.49,199.69
hsa-miR-544a,0.23,0.01,0.01,0.01,0.0,0.0,0.0,0.0,0.0,0.0,0.09,0.02,0.0,0.0,0.0,0.0,0.02,0.02,0.0,0.01,0.02,0.01,0.01,0.27,0.0,0.0,0.07,0.0,0.01,0.01,0.37,0.0,0.03,0.01,0.08
hsa-miR-148b-3p,200.84,135.83,179.98,132.93,146.27,269.49,289.15,239.52,111.12,139.88,186.13,84.13,106.45,106.0,176.34,134.09,83.16,210.15,201.24,162.0,121.96,556.12,117.83,202.62,95.36,346.34,95.9,329.94,148.81,136.93,165.46,319.45,205.06,208.68,117.3
hsa-let-7e-5p,5550.59,1698.13,1272.46,1060.39,918.58,749.62,825.9,818.58,1349.69,1424.74,5107.56,1501.75,1043.21,1433.38,1596.99,1135.1,1467.47,966.71,1646.44,989.06,2622.36,4633.69,1447.71,7277.17,806.9,1047.7,2766.8,3047.81,1192.68,1242.18,1134.62,3150.62,1564.51,1438.57,1443.24
hsa-miR-371a-5p,0.04,0.56,0.01,0.01,0.01,0.01,0.97,0.02,16.04,2.54,0.05,0.04,0.03,0.03,0.0,0.01,0.04,1.83,7.35,1.65,0.03,0.05,0.01,0.0,0.03,3.76,0.21,0.31,3.35,7.36,1832.32,0.06,4.19,0.03,0.06
hsa-miR-378a-3p,215.88,807.56,246.39,604.16,403.39,250.94,262.65,777.33,843.01,658.89,341.02,83.89,1035.71,256.96,299.17,356.1,81.44,1017.47,276.33,511.49,593.51,887.54,194.88,188.15,335.8,296.72,467.01,1693.87,648.06,709.52,1013.21,155.63,725.82,369.99,440.83
hsa-miR-10b-5p,181937.09,36357.73,93368.33,34829.49,6345.77,33901.8,31062.07,19648.84,18333.33,65150.51,141.6,17624.44,26460.39,187190.39,203883.18,77240.41,17790.63,18903.35,7219.1,11961.3,27862.24,34361.39,15868.14,237292.63,36416.18,22804.46,86297.76,69001.97,13927.53,15316.62,36942.98,20876.12,22735.66,132859.47,150328.54
hsa-miR-495-3p,204.58,10.55,8.26,6.55,18.25,5.0,5.17,3.48,8.58,5.97,289.15,34.68,7.79,2.25,4.54,1.79,32.27,15.31,7.54,8.5,22.65,1.57,17.38,287.59,6.39,5.66,56.33,8.13,8.78,8.72,228.41,1.94,40.43,7.69,112.64
hsa-miR-410-3p,374.71,25.17,11.28,10.86,28.26,12.29,12.08,7.58,11.38,9.22,585.13,83.06,16.83,4.5,3.36,3.07,78.29,43.61,20.55,20.47,35.88,28.3,62.55,1175.18,9.32,11.46,82.07,10.15,14.63,13.6,470.09,3.78,36.35,12.37,159.04
hsa-miR-505-3p,34.69,51.71,38.4,33.68,50.96,38.04,37.47,111.77,32.81,74.03,19.91,23.39,34.45,21.18,38.84,33.01,23.43,76.96,39.14,53.62,49.11,119.04,27.92,25.07,17.15,35.82,49.46,59.14,42.27,39.29,124.81,28.48,67.91,71.13,87.04
hsa-miR-590-5p,13.3,19.85,13.66,16.96,13.22,10.41,11.3,34.65,15.65,13.33,12.89,8.48,13.98,8.73,11.72,8.84,8.44,16.11,11.87,21.97,11.28,0.07,9.41,9.83,8.25,13.86,11.52,8.55,15.84,15.78,39.26,12.59,41.89,23.84,27.12
hsa-miR-124-3p,1.15,0.98,0.65,0.17,0.08,0.11,0.09,4.12,0.06,0.04,1403.88,283.3,0.2,0.4,0.43,0.24,272.65,0.05,0.6,0.28,0.04,0.09,0.87,6.59,0.1,0.04,1.07,0.15,0.6,0.43,11.62,0.12,0.06,0.35,0.32
hsa-miR-190a-5p,1.86,2.89,4.23,4.86,2.15,3.55,3.74,2.29,5.45,3.59,23.13,5.38,2.92,7.88,12.35,9.54,5.21,3.43,2.99,3.26,3.84,0.02,3.06,9.33,3.54,4.31,5.76,2.69,6.57,6.22,9.98,9.07,15.99,4.55,8.47
hsa-miR-200a-3p,2.63,690.52,283.85,517.78,384.78,436.16,452.1,19.28,776.56,888.43,2.92,1.24,263.93,240.27,135.99,290.2,1.22,67.71,347.16,349.6,33.48,40.4,606.88,3.3,201.72,498.45,14.02,3.36,855.54,830.64,52.45,392.52,927.29,849.91,572.11
hsa-miR-3139,0.02,0.05,0.03,0.03,0.0,0.0,0.0,0.03,0.03,0.05,0.28,0.06,0.03,0.01,0.01,0.02,0.06,0.04,0.04,0.05,0.04,0.0,0.02,0.07,0.0,0.0,0.03,0.1,0.04,0.04,0.12,0.01,0.02,0.03,0.12
hsa-miR-197-3p,317.61,456.49,368.61,359.68,280.87,224.83,236.74,349.83,292.35,507.07,1395.98,615.46,315.12,128.05,295.87,211.13,608.04,370.62,487.52,455.06,309.1,5416.75,200.27,290.46,147.94,271.39,396.67,1332.78,269.09,276.42,470.52,280.34,473.82,579.24,796.91
hsa-miR-491-5p,2.64,1.71,3.47,1.45,0.89,1.22,1.24,0.79,1.07,1.69,43.76,8.45,1.27,1.11,1.62,1.14,8.11,1.44,2.52,1.87,1.3,7.15,1.26,2.23,2.18,1.29,1.34,4.27,1.58,1.42,2.0,8.1,3.43,3.88,3.06
hsa-miR-132-3p,130.21,102.02,83.53,117.23,122.59,103.55,101.76,189.57,90.57,220.7,1950.48,295.14,114.81,81.53,57.2,81.84,279.4,75.24,111.24,112.73,194.87,247.53,219.7,954.27,103.04,96.59,231.34,306.18,118.11,109.42,371.36,117.07,748.06,101.27,173.82
hsa-miR-216b-5p,2.07,1.06,0.07,0.21,5.57,0.17,0.17,0.1,2.72,0.05,0.67,3.2,0.11,0.51,0.87,0.41,3.22,58.69,0.59,0.24,0.44,0.14,84.82,1.57,0.15,0.15,0.2,0.13,0.33,1.08,2.36,0.3,0.51,0.58,0.95
hsa-miR-302a-3p,0.01,0.01,0.0,0.0,0.0,0.0,0.0,0.0,0.03,0.0,0.04,0.09,0.0,0.01,0.01,0.01,0.09,0.03,0.0,0.01,0.29,0.0,0.01,0.01,0.0,0.0,0.01,0.01,1.78,1.23,914.11,0.0,0.0,0.48,0.05
hsa-let-7g-5p,877.38,605.07,569.84,561.95,561.38,569.26,651.7,1455.76,768.46,544.71,1279.97,470.11,490.5,578.14,693.78,591.34,462.41,826.38,679.53,469.97,661.07,230.97,561.42,724.7,446.64,891.42,731.52,1111.09,743.22,751.18,609.63,1147.19,1567.47,1060.07,455.38
hsa-miR-7-5p,3.64,4.18,3.04,3.21,0.65,9.71,12.04,5.57,14.59,2.37,71.61,6.37,4.54,0.19,0.72,0.37,5.75,0.84,2.97,2.68,0.8,0.12,38.22,645.21,1.3,18.82,0.86,2.2,11.55,12.51,11.23,20.6,2.37,4.2,4.12
hsa-miR-101-3p,9386.32,8744.85,11646.05,10206.32,20838.95,6893.55,6617.67,17084.01,5608.89,11085.71,18761.35,12307.0,9120.38,21837.8,11390.87,12024.23,12245.65,22921.35,12420.46,14272.4,8058.25,133.14,10538.12,16448.37,15495.44,5815.43,7732.23,5808.81,8722.69,7740.95,14706.0,29586.61,42955.34,9797.3,4323.79
hsa-miR-874-3p,123.88,31.8,34.91,17.34,37.4,20.01,19.64,44.62,17.69,51.76,382.65,73.22,21.59,258.07,25.51,16.09,70.28,28.57,27.42,36.74,19.86,135.09,49.54,64.1,7.23,18.58,35.33,54.4,20.27,19.45,69.13,130.89,77.23,53.85,40.06
hsa-miR-499a-5p,2.2,1.28,0.31,1.96,0.21,0.9,1.2,0.23,0.31,0.08,2.24,0.59,1.87,0.18,0.29,0.29,0.58,2.78,0.27,0.27,0.23,0.02,0.13,0.19,0.6,2.07,0.32,0.19,0.85,0.68,0.6,0.7,0.54,2.7,17.76
hsa-miR-320d,0.37,0.9,1.23,1.25,0.54,0.89,0.97,0.29,0.6,0.61,0.4,0.57,0.76,0.28,0.86,0.42,0.57,0.6,1.03,0.94,0.43,6.08,0.52,0.74,0.44,1.2,0.98,3.55,0.91,0.81,0.82,0.72,0.89,1.79,1.23
hsa-miR-381-3p,769.36,53.96,35.89,45.08,101.1,62.41,62.86,31.48,47.13,38.92,347.4,51.07,123.6,20.77,10.29,9.98,48.25,76.25,51.04,62.04,108.79,19.82,134.47,603.58,42.01,64.16,352.59,23.62,52.45,50.77,1756.64,13.67,130.32,30.82,460.3
hsa-miR-125a-5p,3569.31,644.78,1041.21,495.49,793.94,218.67,243.53,358.91,376.38,914.69,1399.1,588.79,340.0,983.43,1065.75,667.99,581.08,357.58,701.44,565.69,1036.01,4048.71,779.98,2246.98,525.27,315.83,893.26,1366.72,389.48,385.35,1301.4,1931.46,2171.02,967.23,1673.83
hsa-miR-212-3p,3.26,6.25,4.36,8.25,3.51,7.78,7.23,6.15,5.17,5.16,48.76,9.63,8.48,3.33,2.83,2.27,9.26,3.78,8.54,6.42,5.66,5.81,7.89,26.15,4.72,5.62,6.64,20.4,7.25,6.6,12.07,6.24,15.5,5.96,8.34
hsa-miR-551a,0.05,0.39,0.51,0.59,0.24,0.36,0.31,0.25,0.29,0.43,0.16,0.23,0.46,0.21,0.2,0.11,0.23,0.21,1.79,1.63,2.59,4.15,0.35,0.14,0.07,0.16,0.75,0.96,0.71,0.57,1.77,0.18,1.61,1.48,3.73
hsa-miR-219a-5p,1.36,1.8,0.82,1.64,0.78,0.53,0.55,5.47,1.59,1.34,679.44,147.83,1.11,0.24,0.65,1.13,142.77,2.16,0.77,1.61,1.15,0.01,0.77,1.07,0.95,0.58,1.1,0.3,1.09,1.25,4.82,1.72,4.42,1.77,9.41
hsa-miR-342-3p,102.41,156.09,452.76,169.49,104.59,55.17,59.0,616.82,130.82,174.95,304.42,103.25,189.03,28.75,139.26,77.15,101.34,107.26,137.75,193.17,159.13,226.26,112.1,155.06,82.29,70.16,110.36,440.42,118.99,122.72,356.77,108.48,505.05,137.38,201.57
hsa-miR-599,0.02,0.03,0.01,0.62,0.0,0.01,0.01,0.03,0.0,0.0,0.0,0.08,0.01,0.01,0.46,1.18,0.08,0.07,0.0,0.12,0.01,0.0,0.0,0.0,0.0,0.0,0.07,1.28,0.0,0.0,0.05,0.0,0.42,0.21,0.73
hsa-miR-31-5p,5.93,84.92,5.5,95.36,3.33,11.87,11.17,2.04,51.92,12.77,3.22,1.23,108.03,7.82,10.81,40.82,1.21,1.02,14.23,28.57,7.76,11.14,18.26,0.64,2.48,9.15,10.86,9.71,31.95,38.25,12.81,66.04,19.07,40.76,16.99
hsa-miR-21-5p,88454.69,292152.95,226923.83,364647.46,372871.4,180407.34,176609.11,433227.55,320014.03,228495.16,10081.16,26147.96,302742.73,45566.22,158467.43,337776.38,26300.68,223328.54,334447.37,309691.84,403236.82,4724.22,359406.26,38359.87,109402.66,165564.25,235370.88,155580.92,260014.81,278931.76,195717.17,180214.99,94263.61,137177.97,131545.36
hsa-miR-3167,0.0,0.0,0.0,0.0,0.0,0.0,0.0,0.0,0.0,0.0,0.12,0.02,0.0,0.0,0.0,0.0,0.02,0.0,0.0,0.0,0.01,0.0,0.0,0.01,0.0,0.0,0.01,0.01,0.0,0.0,0.0,0.0,0.0,0.01,0.03
hsa-miR-543,28.97,1.21,0.78,0.98,2.62,0.7,0.71,0.62,1.1,1.02,26.39,3.38,1.03,0.45,0.44,0.23,3.16,2.02,1.15,1.25,2.62,2.94,2.21,33.87,0.61,0.75,8.95,1.45,1.12,1.12,44.4,0.18,5.94,0.91,12.29
hsa-miR-92a-3p,4635.86,14816.89,9816.77,16125.83,12177.57,24587.32,25857.08,30690.54,15289.03,22065.75,5999.96,5916.59,13949.61,6000.38,5811.49,6582.63,5915.8,22732.55,10575.94,16550.8,6809.58,133079.05,6692.13,3592.56,7366.47,29549.39,8239.69,45693.22,12855.85,13623.0,30825.07,8973.01,33190.59,16182.73,34561.16
hsa-miR-590-3p,5.25,6.55,5.17,6.83,5.27,4.34,4.47,15.34,5.65,3.68,3.63,2.6,5.99,2.8,4.45,3.91,2.59,7.16,5.04,6.45,4.59,0.01,3.39,2.51,3.07,4.86,4.0,2.96,6.17,6.01,12.28,4.56,16.0,7.81,8.77
hsa-miR-30d-5p,8550.49,6383.47,7397.87,4567.74,17789.01,5084.06,5163.87,15490.1,5937.31,11155.24,5405.36,3122.64,5004.1,20403.38,8383.0,13918.02,3091.44,14780.68,13784.78,8979.27,7375.63,14711.7,5413.88,8787.94,7572.38,5395.95,4195.11,27320.71,5300.36,5501.18,5846.34,15633.17,16077.64,6493.87,7138.81
hsa-miR-222-3p,23.17,83.63,50.87,131.34,38.45,61.71,65.67,115.99,105.33,82.1,88.91,15.93,111.66,277.94,45.12,35.72,15.24,31.66,79.71,104.22,73.51,155.01,77.98,6.18,49.1,77.18,119.21,165.89,107.09,106.53,73.77,422.96,187.95,59.08,61.59
hsa-miR-3619-5p,0.1,0.11,0.1,0.19,0.05,0.0,0.0,0.04,0.09,0.13,0.0,0.02,0.16,0.03,0.03,0.03,0.02,0.03,0.08,0.14,0.03,0.0,0.05,0.02,0.01,0.0,0.04,0.2,0.11,0.1,0.02,0.02,0.04,0.31,0.1
hsa-miR-494-3p,32.07,2.82,1.86,1.33,1.64,1.48,1.61,0.66,2.29,0.66,7.62,1.92,1.94,0.25,0.63,0.31,1.87,3.34,0.96,1.74,3.34,0.42,2.39,20.69,1.15,1.98,9.31,1.63,1.63,1.84,29.5,0.34,2.28,1.46,13.01
hsa-miR-194-5p,336.68,343.04,186.41,1026.18,8033.6,15861.05,16005.45,430.08,9507.27,5592.55,176.59,96.66,128.77,792.99,2896.64,2648.56,95.9,19194.26,909.42,187.26,203.84,61.38,5328.8,236.45,128.38,16425.37,156.31,160.45,13900.69,12515.5,1717.78,334.3,613.48,401.31,439.95
hsa-miR-223-3p,225.44,391.08,142.73,557.83,365.71,377.57,359.2,657.25,492.11,359.12,247.2,98.74,666.63,55.99,116.0,179.7,97.33,208.71,334.24,598.01,379.81,59.22,393.33,90.95,69.69,305.79,178.7,505.57,507.77,502.83,284.27,127.57,216.13,267.86,482.46
hsa-miR-339-5p,51.3,68.42,50.46,41.76,23.56,13.26,13.67,51.03,41.59,56.86,20.99,28.64,40.94,13.58,33.93,31.59,28.71,30.79,38.9,51.07,36.81,54.79,29.84,21.59,14.76,14.89,25.79,124.72,39.68,40.29,45.77,36.99,48.51,51.93,59.84
hsa-miR-378b,0.02,0.04,0.02,0.06,0.07,0.0,0.0,9.27,0.05,0.06,0.0,0.0,0.1,0.02,0.02,0.05,0.0,0.12,0.03,0.05,0.06,0.0,0.01,0.01,0.02,0.0,0.02,0.09,0.04,0.04,0.1,0.02,0.11,0.05,0.04
hsa-miR-758-3p,131.95,20.26,12.81,8.73,15.53,8.71,8.22,5.17,9.27,12.33,170.23,38.36,12.06,4.68,3.12,2.3,37.11,30.94,11.11,22.02,21.07,9.83,26.89,192.57,5.63,6.81,102.79,6.19,10.75,10.29,422.02,3.31,23.42,8.95,95.74
hsa-miR-200c-3p,21.93,16957.68,11386.54,11145.09,1549.46,12804.74,13376.93,345.58,13496.91,11063.94,15.9,11.0,112200.9,3691.5,443.92,714.75,10.95,411.45,10540.41,12697.95,152.41,88434.48,6189.06,94.92,11935.78,15040.81,155.79,465.97,10244.42,11269.89,5162.4,14494.23,9051.75,15108.69,6309.34
hsa-miR-205-5p,1.23,10228.17,3397.61,14609.3,9.57,4.97,4.27,38.86,7412.5,1253.61,1.17,0.77,15172.38,4.08,14.75,275.79,0.77,9.69,612.41,15187.95,5.97,3343.5,341.62,0.12,861.61,2.21,22.59,559.85,219.16,2487.13,943.8,195.45,21025.76,974.42,1046.46
hsa-miR-191-5p,834.81,884.37,1058.31,475.35,491.5,576.88,657.59,1857.19,529.35,1291.58,643.32,338.34,367.67,539.04,437.44,485.97,335.44,623.56,458.38,458.8,417.98,1389.98,399.37,479.58,380.18,892.28,592.79,1150.65,588.57,569.9,849.81,657.7,1351.73,1304.87,1414.39
hsa-miR-146b-5p,315.26,667.09,571.47,876.12,579.52,412.52,435.59,1638.27,962.4,958.57,618.67,160.76,795.42,104.99,635.29,571.48,156.4,1589.48,1283.79,1073.47,1307.58,368.36,786.58,139.36,250.85,502.68,692.94,884.01,705.74,786.66,2053.44,21728.22,1799.7,716.33,2418.17
hsa-miR-146a-5p,17.9,134.01,137.82,183.27,128.49,226.38,232.47,1862.15,236.62,132.66,17.19,17.45,208.32,24.3,75.22,134.07,17.45,95.14,184.22,168.26,91.9,41.85,135.7,12.6,41.74,250.19,83.07,2803.22,265.09,256.11,494.25,121.33,327.76,105.96,58.1
hsa-miR-150-5p,120.56,601.03,1123.56,1003.73,1423.9,391.84,371.3,4220.65,465.3,492.39,127.12,79.54,1049.2,214.21,460.26,354.84,79.09,506.67,1214.6,1136.25,784.99,1120.08,1009.48,91.51,287.21,311.6,274.23,3317.21,805.98,698.57,2604.32,663.81,3471.94,418.24,114.77
hsa-miR-431-5p,88.59,7.83,2.14,1.85,3.68,3.44,3.2,0.99,2.03,1.57,2.16,0.57,3.29,0.77,0.45,0.3,0.55,9.61,4.33,3.18,4.96,9.1,2.97,128.69,0.29,2.53,13.89,3.72,2.19,2.14,60.79,0.36,2.34,2.91,51.45
hsa-miR-1271-5p,1.71,2.42,3.78,3.71,2.21,1.29,1.36,5.85,2.19,5.37,11.62,7.19,3.16,2.69,7.11,2.37,7.15,1.91,2.17,4.65,3.31,5.31,2.97,2.63,1.69,1.55,8.35,8.83,2.2,2.2,6.03,3.08,10.24,4.58,9.54
hsa-miR-129-5p,23.56,7.68,5.93,5.41,3.83,4.58,4.03,219.07,7.02,6.64,4239.76,515.53,10.38,43.98,7.81,3.74,480.13,1.85,9.75,41.59,17.35,59.22,174.9,1653.77,3.21,2.45,49.82,50.33,10.74,9.56,59.91,5.24,6.47,9.46,49.22
hsa-miR-487b-3p,249.53,8.39,5.71,4.34,9.07,3.82,3.81,2.82,4.98,4.93,200.03,26.51,5.41,2.53,2.19,1.27,24.86,14.9,6.64,5.42,15.23,5.2,31.09,758.64,4.23,3.77,47.69,5.95,6.0,5.68,122.8,1.54,15.54,5.48,86.17
hsa-miR-383-5p,8.37,3.41,1.75,0.21,2.01,0.82,0.79,1.4,0.52,13.76,256.53,60.35,3.22,0.03,0.04,0.25,58.49,6.73,0.19,2.4,2.92,1.84,2.2,10.52,2.36,0.72,18.13,0.58,1.17,0.96,4.88,0.03,68.45,2.1,6.31
hsa-miR-100-5p,1677.27,3294.08,4213.62,2790.26,7076.76,2827.73,2878.08,4242.53,2203.67,3415.74,16460.97,9805.74,2981.54,6827.65,4361.41,2966.39,9742.48,7148.9,8722.65,5953.04,16303.47,6157.03,7667.53,1572.61,8301.63,3024.5,10204.68,14312.87,3256.7,2924.69,5953.97,13295.54,32958.81,4157.0,4220.38
hsa-miR-488-3p,5.03,0.15,0.23,0.11,0.07,0.02,0.02,0.16,0.08,0.06,36.6,10.91,0.11,0.03,0.03,0.13,10.67,0.13,0.21,0.23,0.28,0.03,0.4,6.95,0.17,0.03,0.68,0.14,0.09,0.09,1.17,0.13,0.27,0.84,1.81
hsa-miR-33b-5p,3.45,3.2,7.2,6.39,5.08,3.16,2.94,3.38,1.64,3.27,6.89,1.93,3.38,1.65,1.57,1.17,1.89,9.29,3.86,5.2,0.97,0.07,1.38,1.63,1.58,2.31,1.64,1.4,3.63,3.0,1.54,2.98,10.12,7.4,1.11
hsa-miR-96-5p,28.05,38.83,38.16,28.76,20.37,15.81,17.52,11.82,28.45,27.74,2.71,13.78,20.81,27.44,4.4,14.93,13.89,12.73,25.13,34.5,20.52,2.81,15.12,5.37,27.53,22.51,4.83,1.77,18.9,21.91,184.47,16.85,102.85,50.65,67.35
hsa-miR-875-5p,0.02,0.03,0.0,0.15,0.0,0.01,0.01,0.04,0.01,0.0,0.0,0.02,0.01,0.0,0.47,0.53,0.02,0.14,0.01,0.06,0.01,0.0,0.01,0.0,0.01,0.0,0.05,0.13,0.01,0.01,0.04,0.01,0.56,0.1,0.6
hsa-miR-192-5p,673.7,670.16,499.26,2742.32,21003.13,41867.67,45199.57,1324.56,20052.41,18058.94,434.54,280.9,316.38,2578.26,10080.28,6827.02,279.44,44741.77,2209.01,507.25,412.93,92.35,11873.3,515.34,224.99,54888.4,369.17,458.89,32568.77,28622.53,4599.41,751.08,1467.93,1549.43,1374.03
hsa-miR-377-3p,19.84,1.78,1.18,1.3,2.7,0.85,0.87,0.68,1.38,0.75,8.91,1.52,1.4,0.42,0.48,0.28,1.45,1.98,1.04,1.27,2.81,0.02,3.36,21.18,0.81,0.93,6.91,0.67,1.6,1.53,19.48,0.29,5.01,1.12,7.33
hsa-miR-183-5p,10157.31,13972.77,15900.93,8797.73,3525.21,8145.3,8183.81,2622.29,7771.97,10560.34,278.5,2315.71,9038.07,6215.84,1209.09,4978.86,2335.08,3657.8,11420.65,14887.97,4095.68,15968.38,3615.52,2207.12,5408.08,8295.78,764.22,909.89,4852.77,5773.15,23074.0,4597.97,13791.71,18460.89,26412.92
hsa-miR-296-3p,0.56,1.73,0.92,1.22,0.9,0.82,0.91,2.52,0.84,2.15,0.93,1.63,1.17,0.79,0.7,1.13,1.63,1.27,1.11,3.11,1.32,12.32,0.71,1.68,0.15,1.19,1.99,9.48,1.02,0.96,18.43,2.39,4.31,2.15,3.44
hsa-miR-99a-5p,582.76,276.13,1027.68,1041.9,817.0,145.42,149.39,120.27,293.52,534.63,2236.89,2660.08,505.12,980.36,681.94,852.94,2664.11,929.25,335.38,513.31,845.26,933.69,813.13,333.64,2528.58,160.95,2028.86,352.96,457.89,406.07,1265.56,1799.62,3877.25,1061.59,1009.55
hsa-miR-184,88.66,6.61,100.28,7.61,5.73,2.63,2.25,12.13,5.84,1.91,50.31,19.47,11.65,7.04,3.81,3.03,19.18,19.01,10.18,69.41,3.86,23.46,46.79,9.98,2.92,1.15,6.83,30.91,6.86,6.54,257.72,8.03,115.26,31.5,10.06
hsa-miR-210-3p,1327.39,1118.73,667.6,1400.08,750.06,474.81,509.24,1555.92,639.23,2501.99,175.7,132.52,1257.48,428.48,2798.2,752.81,132.11,577.27,1112.73,2370.32,980.85,503.55,684.23,530.9,115.59,609.36,724.57,1104.1,543.01,573.35,1036.26,112.75,794.94,1843.68,1770.45
hsa-miR-208a-3p,0.01,0.0,0.0,0.0,0.0,0.0,0.0,0.0,0.0,0.0,0.0,0.0,0.06,0.0,0.0,0.0,0.0,0.0,0.0,0.0,0.0,0.0,0.0,0.03,0.01,0.0,0.02,0.0,0.0,0.0,0.06,0.0,0.04,0.0,0.07
hsa-miR-99b-5p,87456.56,29922.94,44229.75,20244.79,18296.4,11749.59,11937.87,13512.22,12171.65,41056.38,45287.07,23277.73,15180.34,28954.22,39050.24,20736.41,23068.52,13147.45,29157.16,24233.51,30276.58,264241.81,19755.6,57877.68,15180.33,12485.39,29245.73,67254.27,15824.76,14672.98,31555.39,48763.28,17928.4,52044.3,73067.31
hsa-miR-126-3p,3842.95,2109.28,3352.01,1487.6,3782.38,1260.78,1448.13,3219.12,1905.95,4660.94,2146.36,1097.6,1996.86,3286.23,10072.52,1389.11,1087.63,5434.06,2545.52,3299.3,2143.46,112.2,1710.79,3947.42,1349.67,1992.91,2705.44,2191.73,2347.29,2208.14,4029.12,6386.67,4168.14,2626.0,2283.76
hsa-miR-208b-3p,0.0,0.0,0.09,0.01,0.01,0.0,0.0,0.03,0.0,0.0,0.18,0.35,1.72,0.0,0.01,0.0,0.35,0.0,0.01,0.0,0.07,0.0,0.0,0.29,0.16,0.0,0.14,0.01,0.01,0.01,0.09,0.03,0.01,0.02,0.81
hsa-miR-127-3p,8553.55,705.22,699.73,475.12,639.4,868.8,835.73,211.83,423.64,583.57,5569.73,929.4,696.33,234.69,167.76,118.71,885.29,799.28,541.01,653.41,905.94,3365.3,1335.53,19220.03,362.28,739.57,3327.08,626.2,583.11,532.83,7737.98,181.55,1756.47,390.94,2453.82
